-178.67,-90
-135.85,-90
-93.03,-90
-50.22,-90
-7.4,-90
35.42,-90
78.23,-90
121.05,-90
-178.67,-60
-135.85,-60
-93.03,-60
-50.22,-60
-7.4,-60
35.42,-60
78.23,-60
121.05,-60
-178.67,-30
-135.85,-30
-93.03,-30
-50.22,-30
-7.4,-30
35.42,-30
78.23,-30
121.05,-30
-178.67,-5
-135.85,-5
-93.03,-5
-50.22,-5
-7.4,-5
35.42,-5
78.23,-5
121.05,-5
-178.67,5
-135.85,5
-93.03,5
-50.22,5
-7.4,5
35.42,5
78.23,5
121.05,5
-178.67,30
-135.85,30
-93.03,30
-50.22,30
-7.4,30
35.42,30
78.23,30
121.05,30
-178.67,60
-135.85,60
-93.03,60
-50.22,60
-7.4,60
35.42,60
78.23,60
121.05,60
-178.67,90
-135.85,90
-93.03,90
-50.22,90
-7.4,90
35.42,90
78.23,90
121.05,90
-178.67,140
-135.85,140
-93.03,140
-50.22,140
-7.4,140
35.42,140
78.23,140
121.05,140